#sample: Merged
# data
# dataset2.dat
# dataset1.dat
# dataset3.dat
# q  I  sigma
4.256041e-03 5.162019e-01 3.061018e-01
4.539777e-03 1.012893e+00 2.333165e-01
4.823513e-03 1.275091e+00 1.815829e-01
5.106832e-03 1.195814e+00 1.480337e-01
5.254660e-03 1.142163e+00 7.854331e-01
5.390985e-03 1.185719e+00 1.391737e-01
5.435640e-03 1.247917e+00 8.371056e-01
5.673703e-03 1.153137e+00 1.074509e-01
5.816530e-03 1.260847e+00 5.436695e-01
5.958456e-03 1.201105e+00 8.592039e-02
6.016860e-03 1.078349e+00 4.815822e-01
6.241762e-03 1.141498e+00 7.104445e-02
6.438470e-03 1.248384e+00 4.572675e-01
6.525928e-03 1.078002e+00 6.094030e-02
6.660230e-03 1.107362e+00 4.102186e-01
6.809664e-03 1.096124e+00 5.397777e-02
6.889630e-03 1.187343e+00 3.639831e-01
7.093992e-03 1.199400e+00 4.418253e-02
7.377031e-03 1.050551e+00 4.116924e-02
7.660066e-03 1.126037e+00 3.705815e-02
7.943206e-03 1.155034e+00 3.557290e-02
8.160700e-03 1.227920e+00 1.973816e-01
8.228342e-03 1.082814e+00 3.437374e-02
8.441780e-03 1.092220e+00 2.152564e-01
8.512077e-03 1.125381e+00 3.195422e-02
8.793291e-03 1.138105e+00 3.172609e-02
9.033310e-03 1.123805e+00 1.717486e-01
9.079548e-03 1.163673e+00 2.994392e-02
9.362656e-03 1.143418e+00 2.872722e-02
9.647851e-03 1.175602e+00 2.811892e-02
9.933784e-03 1.109133e+00 2.648490e-02
1.021449e-02 1.199432e+00 2.807273e-02
1.034360e-02 1.199246e+00 1.144497e-01
1.049822e-02 1.183801e+00 2.603397e-02
1.060000e-02 9.656569e-01 2.712295e+00
1.077749e-02 1.134686e+00 2.509023e-02
1.106587e-02 1.120577e+00 2.446253e-02
1.111000e-02 9.445779e-01 2.106418e+00
1.134943e-02 1.167205e+00 2.470906e-02
1.144960e-02 1.083386e+00 1.063661e-01
1.163316e-02 1.144288e+00 2.487852e-02
1.191234e-02 1.152941e+00 2.303871e-02
1.220061e-02 1.078809e+00 2.341749e-02
1.225190e-02 1.062784e+00 8.981781e-02
1.248437e-02 1.137174e+00 2.365256e-02
1.267378e-02 1.212542e+00 7.543666e-02
1.276810e-02 1.178497e+00 2.330388e-02
1.305644e-02 1.181414e+00 2.107474e-02
1.333557e-02 1.150914e+00 2.068757e-02
1.361468e-02 1.143105e+00 1.949425e-02
1.391890e-02 1.120487e+00 1.865349e-02
1.418699e-02 1.157784e+00 1.911484e-02
1.447543e-02 1.163300e+00 1.749166e-02
1.475398e-02 1.135913e+00 1.810176e-02
1.503364e-02 1.156978e+00 1.680547e-02
1.531951e-02 1.090263e+00 1.747589e-02
1.552920e-02 1.158245e+00 4.171296e-02
1.560545e-02 1.126324e+00 1.781621e-02
1.588223e-02 1.123604e+00 1.680276e-02
1.606410e-02 1.119243e+00 3.807854e-02
1.618240e-02 1.109531e+00 1.647830e-02
1.645665e-02 1.135246e+00 1.716210e-02
1.671322e-02 1.127195e+00 1.483280e-02
1.680000e-02 1.128767e+00 4.454741e-02
1.705804e-02 1.126125e+00 1.476881e-02
1.730946e-02 1.143276e+00 1.537230e-02
1.759158e-02 1.132679e+00 1.629550e-02
1.779673e-02 1.108507e+00 2.224570e-02
1.787532e-02 1.139183e+00 1.592708e-02
1.815905e-02 1.153152e+00 1.574095e-02
1.841890e-02 1.093211e+00 1.235565e-02
1.872652e-02 1.108094e+00 1.565028e-02
1.898814e-02 1.134546e+00 1.397840e-02
1.902770e-02 1.111298e+00 2.590709e-02
1.930836e-02 1.113140e+00 1.356706e-02
1.960872e-02 1.118479e+00 1.235094e-02
1.986890e-02 1.097036e+00 1.358391e-02
2.014518e-02 1.126706e+00 1.499891e-02
2.040971e-02 1.097938e+00 1.149199e-02
2.071265e-02 1.110985e+00 1.522890e-02
2.098401e-02 1.117279e+00 1.347892e-02
2.120011e-02 1.101532e+00 1.215122e-02
2.153615e-02 1.088745e+00 1.311938e-02
2.178780e-02 1.074508e+00 1.636518e-02
2.187890e-02 1.114247e+00 1.310603e-02
2.213131e-02 1.088507e+00 1.488717e-02
2.250490e-02 1.095767e+00 7.272951e-03
2.269877e-02 1.111604e+00 1.500751e-02
2.298658e-02 1.115986e+00 1.282283e-02
2.336403e-02 1.093991e+00 6.174320e-03
2.383370e-02 1.105282e+00 1.467684e-02
2.411151e-02 1.084067e+00 6.444113e-03
2.440116e-02 1.108227e+00 1.438469e-02
2.464430e-02 1.107841e+00 1.226261e-02
2.496016e-02 1.080000e+00 5.697264e-03
2.525235e-02 1.081862e+00 1.436999e-02
2.555218e-02 1.095581e+00 1.195271e-02
2.580984e-02 1.072149e+00 6.290206e-03
2.610578e-02 1.077760e+00 1.152329e-02
2.665097e-02 1.080055e+00 4.867134e-03
2.695473e-02 1.080746e+00 1.396059e-02
2.720496e-02 1.087673e+00 1.124238e-02
2.760636e-02 1.060522e+00 4.942769e-03
2.780592e-02 1.081602e+00 1.361279e-02
2.822228e-02 1.103852e+00 8.673134e-03
2.858787e-02 1.058948e+00 5.005066e-03
2.894084e-02 1.104018e+00 1.347832e-02
2.932803e-02 1.081341e+00 8.424920e-03
2.960056e-02 1.055012e+00 5.112583e-03
3.014319e-02 1.079588e+00 1.017254e-02
3.056435e-02 1.051118e+00 2.382176e-03
3.085921e-02 1.086656e+00 1.014579e-02
3.123438e-02 1.084726e+00 1.000286e-02
3.162591e-02 1.049704e+00 2.154435e-03
3.206185e-02 1.059886e+00 1.257855e-02
3.244052e-02 1.066717e+00 7.668993e-03
3.271830e-02 1.040555e+00 2.090384e-03
3.333879e-02 1.070012e+00 7.627408e-03
3.383561e-02 1.037266e+00 2.174088e-03
3.419026e-02 1.070259e+00 8.951650e-03
3.451558e-02 1.074580e+00 9.335042e-03
3.500252e-02 1.028692e+00 2.044890e-03
3.544131e-02 1.078311e+00 9.259438e-03
3.590418e-02 1.051614e+00 7.298305e-03
3.621579e-02 1.022385e+00 1.943198e-03
3.680979e-02 1.047492e+00 7.220720e-03
3.744766e-02 1.018230e+00 2.040201e-03
3.773636e-02 1.041343e+00 1.210192e-02
3.810981e-02 1.045015e+00 7.081205e-03
3.873884e-02 1.010856e+00 2.000552e-03
3.921672e-02 1.040420e+00 6.978184e-03
3.963506e-02 1.040401e+00 8.597853e-03
4.008301e-02 1.003397e+00 1.888478e-03
4.067576e-02 1.026648e+00 6.775207e-03
4.144017e-02 9.938848e-01 1.978456e-03
4.177307e-02 1.011091e+00 6.660940e-03
4.220292e-02 1.028844e+00 8.111562e-03
4.287512e-02 9.837671e-01 1.712127e-03
4.323517e-02 1.019040e+00 6.619492e-03
4.378343e-02 1.012034e+00 6.563880e-03
4.437114e-02 9.777754e-01 1.611604e-03
4.506018e-02 1.001433e+00 6.423204e-03
4.561182e-02 9.864274e-01 6.402006e-03
4.590579e-02 9.691493e-01 1.347106e-03
4.674159e-02 9.860955e-01 4.728910e-03
4.745724e-02 9.570474e-01 1.402641e-03
4.787594e-02 9.745957e-01 4.429005e-03
4.860591e-02 9.882001e-01 3.736795e-03
4.912470e-02 9.471610e-01 1.263545e-03
4.985069e-02 9.651659e-01 4.783874e-03
5.038819e-02 9.553419e-01 4.761637e-03
5.081940e-02 9.362185e-01 1.408957e-03
5.171073e-02 9.502380e-01 3.623859e-03
5.254300e-02 9.258092e-01 1.187644e-03
5.301067e-02 9.466417e-01 4.325974e-03
5.376744e-02 9.441526e-01 3.550021e-03
5.437405e-02 9.144380e-01 1.538699e-03
5.504793e-02 9.295715e-01 4.262258e-03
5.581919e-02 9.247731e-01 3.464918e-03
5.626792e-02 8.997352e-01 1.394385e-03
5.713568e-02 9.150898e-01 4.455635e-03
5.813376e-02 8.850412e-01 1.189859e-03
5.864724e-02 8.995047e-01 4.419379e-03
5.941019e-02 8.958850e-01 3.203229e-03
6.017514e-02 8.698627e-01 1.200776e-03
6.097385e-02 8.874929e-01 3.295474e-03
6.169665e-02 8.801635e-01 4.003946e-03
6.227547e-02 8.530514e-01 1.029082e-03
6.330240e-02 8.595211e-01 3.976056e-03
6.435595e-02 8.388452e-01 1.066923e-03
6.485922e-02 8.477240e-01 4.149899e-03
6.562657e-02 8.439555e-01 3.035837e-03
6.658961e-02 8.226304e-01 1.171566e-03
6.720436e-02 8.261320e-01 3.018167e-03
6.820265e-02 8.303947e-01 3.037135e-03
6.890836e-02 8.033226e-01 1.087265e-03
6.981978e-02 8.040916e-01 2.977673e-03
7.084202e-02 8.025500e-01 3.003483e-03
7.134739e-02 7.839779e-01 1.063760e-03
7.263021e-02 7.742058e-01 3.869298e-03
7.369426e-02 7.662385e-01 9.810100e-04
7.444412e-02 7.711933e-01 2.768355e-03
7.546989e-02 7.574783e-01 2.818913e-03
7.629694e-02 7.439039e-01 1.029457e-03
7.748909e-02 7.489631e-01 2.703162e-03
7.830956e-02 7.265521e-01 3.571435e-03
7.892507e-02 7.229571e-01 9.166273e-04
8.015175e-02 7.189063e-01 2.703656e-03
8.158024e-02 7.021111e-01 7.218808e-04
8.224140e-02 6.957098e-01 2.583974e-03
8.325580e-02 6.893705e-01 2.606633e-03
8.441162e-02 6.771805e-01 7.823933e-04
8.534429e-02 6.750798e-01 2.497537e-03
8.659589e-02 6.638949e-01 2.145065e-03
8.737407e-02 6.515221e-01 7.138553e-04
8.888667e-02 6.433344e-01 2.653196e-03
9.029258e-02 6.284557e-01 8.625421e-04
9.100537e-02 6.122217e-01 2.506327e-03
9.228041e-02 6.131555e-01 2.234541e-03
9.346091e-02 6.048016e-01 8.051959e-04
9.460175e-02 5.924617e-01 2.523132e-03
9.566245e-02 5.812510e-01 2.473365e-03
9.669739e-02 5.761187e-01 6.860484e-04
9.820377e-02 5.585152e-01 2.320731e-03
9.991440e-02 5.529391e-01 8.315482e-04
1.007850e-01 5.380735e-01 2.260679e-03
1.020134e-01 5.334162e-01 8.244008e-04
1.033502e-01 5.250616e-01 2.232235e-03
1.040822e-01 5.195828e-01 6.816557e-04
1.059903e-01 5.041011e-01 8.398403e-04
1.072590e-01 4.950731e-01 1.866197e-03
1.080657e-01 4.876896e-01 7.318724e-04
1.099770e-01 4.723578e-01 8.522460e-04
1.119154e-01 4.606825e-01 6.938790e-04
1.129396e-01 4.444044e-01 1.808183e-03
1.140287e-01 4.436214e-01 6.954501e-04
1.159190e-01 4.280609e-01 7.783631e-04
1.170990e-01 4.145746e-01 1.770357e-03
1.181190e-01 4.135856e-01 7.778412e-04
1.200352e-01 3.993052e-01 7.736428e-04
1.219368e-01 3.868779e-01 8.451700e-04
1.232559e-01 3.687799e-01 1.747637e-03
1.241870e-01 3.712880e-01 8.282565e-04
1.260687e-01 3.572631e-01 7.172120e-04
1.279884e-01 3.452835e-01 7.010339e-04
1.299124e-01 3.335258e-01 7.052710e-04
1.310656e-01 3.176441e-01 1.696012e-03
1.321297e-01 3.180390e-01 5.789815e-04
1.340769e-01 3.067244e-01 5.632074e-04
1.360388e-01 2.948123e-01 6.742844e-04
1.380009e-01 2.829451e-01 7.244869e-04
1.399763e-01 2.722532e-01 5.610819e-04
1.418794e-01 2.598797e-01 7.492578e-04
1.438581e-01 2.496515e-01 5.881310e-04
1.450149e-01 2.383554e-01 1.596502e-03
1.461937e-01 2.362686e-01 6.616843e-04
1.481660e-01 2.264194e-01 6.069086e-04
1.500960e-01 2.160952e-01 5.745208e-04
1.520920e-01 2.069451e-01 5.652440e-04
1.541043e-01 1.966428e-01 5.840193e-04
1.561382e-01 1.894186e-01 6.408792e-04
1.580614e-01 1.802846e-01 5.674218e-04
1.600367e-01 1.731391e-01 4.609015e-04
1.620575e-01 1.639471e-01 5.215063e-04
1.640833e-01 1.555686e-01 6.065998e-04
1.660952e-01 1.477281e-01 5.759102e-04
1.681144e-01 1.410566e-01 5.626719e-04
1.702258e-01 1.316568e-01 5.664001e-04
1.731473e-01 1.228332e-01 4.050264e-04
1.758385e-01 1.139094e-01 5.337817e-04
1.778374e-01 1.079395e-01 5.786814e-04
1.799087e-01 1.005040e-01 5.396389e-04
1.819915e-01 9.618119e-02 4.879386e-04
1.840415e-01 9.187266e-02 4.335355e-04
1.861045e-01 8.594010e-02 5.067314e-04
1.890568e-01 7.891416e-02 3.756819e-04
1.918331e-01 7.215059e-02 5.584351e-04
1.939221e-01 6.744334e-02 4.606743e-04
1.960481e-01 6.257236e-02 5.238336e-04
1.981183e-01 6.108562e-02 4.106148e-04
2.009552e-01 5.562255e-02 3.280656e-04
2.039697e-01 5.068399e-02 4.798166e-04
2.060972e-01 4.722792e-02 4.544196e-04
2.090437e-01 4.382665e-02 3.334426e-04
2.119435e-01 3.933699e-02 4.077792e-04
2.140551e-01 3.653719e-02 4.566945e-04
2.169683e-01 3.400076e-02 3.364762e-04
2.199208e-01 3.176685e-02 4.454743e-04
2.221123e-01 2.981744e-02 4.457245e-04
2.251759e-01 2.717794e-02 3.116506e-04
2.280366e-01 2.428213e-02 4.087049e-04
2.310030e-01 2.254364e-02 3.418476e-04
2.339799e-01 2.176009e-02 4.172448e-04
2.370173e-01 2.013686e-02 3.401903e-04
2.399282e-01 1.935436e-02 4.617486e-04
2.430426e-01 1.697580e-02 3.240859e-04
2.460115e-01 1.693512e-02 3.905375e-04
2.491325e-01 1.590979e-02 2.985692e-04
2.520464e-01 1.569078e-02 3.736306e-04
2.548938e-01 1.456062e-02 2.822369e-04
2.589631e-01 1.457050e-02 2.929144e-04
2.620106e-01 1.392303e-02 4.396565e-04
2.649401e-01 1.378138e-02 2.687856e-04
2.689861e-01 1.344640e-02 2.783536e-04
2.720208e-01 1.366906e-02 4.017067e-04
2.750176e-01 1.354532e-02 2.830319e-04
2.790283e-01 1.314963e-02 2.841868e-04
2.831723e-01 1.384314e-02 2.845043e-04
2.860102e-01 1.351798e-02 3.589335e-04
2.890759e-01 1.385404e-02 2.583901e-04
2.931505e-01 1.354908e-02 2.685599e-04
2.968204e-01 1.466302e-02 2.638657e-04
3.010083e-01 1.474014e-02 2.799216e-04
3.050233e-01 1.456327e-02 2.632543e-04
3.089984e-01 1.410242e-02 2.737830e-04
3.129089e-01 1.456167e-02 2.820054e-04
3.170643e-01 1.507641e-02 2.777783e-04
3.210010e-01 1.483429e-02 3.014413e-04
3.250314e-01 1.478050e-02 2.458379e-04
3.289482e-01 1.517546e-02 2.731464e-04
3.330077e-01 1.533766e-02 2.482624e-04
3.371021e-01 1.511009e-02 2.613555e-04
3.410277e-01 1.506359e-02 2.628607e-04
3.449116e-01 1.567035e-02 2.651772e-04
3.498448e-01 1.520056e-02 2.213262e-04
3.550262e-01 1.506834e-02 3.075513e-04
3.589706e-01 1.461807e-02 3.371429e-04
3.627917e-01 1.496567e-02 3.129314e-04
3.680858e-01 1.440046e-02 2.526654e-04
3.730968e-01 1.430437e-02 2.908855e-04
3.771692e-01 1.317676e-02 2.557427e-04
3.818341e-01 1.332276e-02 2.189180e-04
3.868082e-01 1.318400e-02 2.638764e-04
3.919480e-01 1.283067e-02 2.357575e-04
3.970710e-01 1.242707e-02 2.432727e-04
4.018715e-01 1.215454e-02 2.059711e-04
4.067826e-01 1.227096e-02 2.633420e-04
4.119457e-01 1.120568e-02 2.083072e-04
4.169748e-01 1.026228e-02 2.555723e-04
4.218794e-01 1.008895e-02 2.159074e-04
4.281118e-01 1.002918e-02 2.117434e-04
4.339959e-01 9.152380e-03 2.147736e-04
4.389127e-01 8.475081e-03 2.707940e-04
4.442205e-01 8.209152e-03 2.073401e-04
4.498261e-01 7.172065e-03 2.299601e-04
4.560708e-01 7.273376e-03 2.302961e-04
4.618246e-01 7.011078e-03 2.162896e-04
4.682288e-01 6.806259e-03 2.297729e-04
4.739482e-01 6.412807e-03 2.156944e-04
4.800543e-01 6.421542e-03 2.578025e-04
4.858091e-01 5.938393e-03 2.456504e-04
4.922000e-01 6.180192e-03 2.553521e-04
4.980254e-01 5.867975e-03 2.243247e-04
5.040000e-01 6.065388e-03 2.782651e-04
5.095741e-01 5.670713e-03 1.900866e-04
5.180262e-01 5.776515e-03 2.000589e-04
5.240000e-01 5.774066e-03 3.008321e-04
5.300163e-01 5.994421e-03 2.116846e-04
5.382744e-01 6.243307e-03 2.288809e-04
5.440000e-01 5.743476e-03 2.887595e-04
5.499294e-01 6.271623e-03 2.112951e-04
5.581727e-01 6.819287e-03 2.165950e-04
5.640000e-01 7.132189e-03 2.901323e-04
5.700360e-01 6.661619e-03 2.146059e-04
5.781108e-01 6.578638e-03 2.077678e-04
5.860596e-01 7.322790e-03 2.091565e-04
5.937826e-01 7.082383e-03 1.985228e-04
6.017961e-01 7.904814e-03 2.321781e-04
6.102078e-01 7.614179e-03 2.193192e-04
6.178257e-01 7.400731e-03 2.077535e-04
6.262378e-01 7.472206e-03 2.197019e-04
6.336496e-01 7.356675e-03 2.332361e-04
6.424349e-01 7.583885e-03 2.020115e-04
6.496186e-01 6.647764e-03 2.172466e-04
6.582932e-01 6.637762e-03 2.051061e-04
6.660700e-01 6.538059e-03 2.321876e-04
6.737135e-01 6.080726e-03 2.184321e-04
6.818876e-01 5.754950e-03 2.215175e-04
6.896516e-01 5.410397e-03 2.075057e-04
6.978689e-01 5.308037e-03 1.966362e-04
7.081325e-01 4.819618e-03 1.765965e-04
7.182041e-01 4.440519e-03 2.349857e-04
7.258305e-01 4.148346e-03 2.442227e-04
7.340155e-01 3.587728e-03 2.232899e-04
7.433950e-01 3.542002e-03 1.673624e-04
7.540400e-01 3.112975e-03 2.100281e-04
7.643128e-01 2.699014e-03 1.755379e-04
7.736184e-01 2.328033e-03 1.912892e-04
7.820173e-01 1.997328e-03 2.057983e-04
7.921286e-01 2.019287e-03 1.771665e-04
8.020935e-01 1.418703e-03 2.212350e-04
8.113569e-01 1.925915e-03 1.685284e-04
8.243457e-01 1.549448e-03 1.646669e-04
8.342260e-01 1.718772e-03 2.031026e-04
8.442821e-01 1.485121e-03 1.995267e-04
8.545379e-01 1.571218e-03 2.002153e-04
8.670081e-01 1.206200e-03 2.322862e-04
8.746940e-01 1.075672e-03 2.700308e-04
8.877519e-01 7.375956e-04 2.611707e-04
8.975512e-01 1.309073e-03 2.438240e-04
9.102572e-01 1.110853e-03 1.942250e-04
9.223157e-01 6.475671e-04 2.123349e-04
9.324283e-01 1.533923e-03 2.170544e-04
9.453038e-01 1.014678e-03 1.773914e-04
9.579330e-01 1.093253e-03 2.162676e-04
9.696855e-01 1.143519e-03 1.726524e-04
9.826346e-01 1.536376e-03 2.111783e-04
9.948663e-01 1.519458e-03 1.729122e-04
1.007078e+00 1.209072e-03 1.944701e-04
1.019895e+00 1.534028e-03 1.602615e-04
1.032327e+00 1.646894e-03 2.017322e-04
1.045254e+00 1.552421e-03 1.432597e-04
1.060389e+00 1.578770e-03 1.479213e-04
1.072221e+00 1.615020e-03 1.613762e-04
1.084364e+00 1.626915e-03 1.501983e-04
1.099415e+00 2.111133e-03 1.536247e-04
1.114811e+00 1.958252e-03 1.572008e-04
1.127650e+00 1.913172e-03 1.819032e-04
1.139886e+00 2.494448e-03 1.649293e-04
1.154972e+00 2.297549e-03 1.631818e-04
1.170639e+00 2.642933e-03 1.645232e-04
1.184548e+00 3.185812e-03 1.611612e-04
1.200156e+00 3.398634e-03 1.664741e-04
1.214637e+00 3.568665e-03 1.761604e-04
1.229892e+00 4.152958e-03 1.647744e-04
1.245326e+00 4.468044e-03 1.827785e-04
1.262855e+00 5.171171e-03 1.612153e-04
1.279981e+00 5.735072e-03 1.787106e-04
1.294737e+00 6.114499e-03 1.920373e-04
1.309474e+00 6.539932e-03 1.834836e-04
1.326984e+00 7.028081e-03 1.566974e-04
1.345261e+00 8.207524e-03 1.884565e-04
1.361769e+00 8.715773e-03 1.705724e-04
1.379359e+00 9.154934e-03 2.221721e-04
1.397501e+00 9.562380e-03 2.120097e-04
1.414258e+00 9.570817e-03 2.891198e-04
1.433877e+00 1.012200e-02 2.455983e-04
1.450402e+00 1.062786e-02 2.579739e-04
1.467355e+00 1.044577e-02 2.130645e-04
1.487042e+00 1.035803e-02 2.265999e-04
1.507334e+00 1.071238e-02 2.260838e-04
1.524942e+00 1.025775e-02 2.769965e-04
1.541875e+00 1.022329e-02 2.166018e-04
1.562531e+00 9.810894e-03 2.088510e-04
1.581681e+00 9.429326e-03 2.123757e-04
1.603140e+00 9.013224e-03 2.253700e-04
1.623274e+00 8.516775e-03 2.232865e-04
1.642771e+00 8.675747e-03 2.124261e-04
1.664775e+00 8.117185e-03 1.901311e-04
1.687256e+00 7.271300e-03 2.306983e-04
1.706992e+00 7.789754e-03 2.346721e-04
1.729674e+00 7.577625e-03 2.150681e-04
1.752249e+00 6.864428e-03 2.396713e-04
1.772289e+00 6.790346e-03 2.365441e-04
1.795509e+00 6.026809e-03 2.249025e-04
1.818346e+00 5.637244e-03 2.534596e-04
1.840599e+00 5.376122e-03 2.117184e-04
1.864944e+00 4.545868e-03 2.187024e-04
1.889096e+00 3.836421e-03 2.247662e-04
1.912159e+00 3.278182e-03 2.391916e-04
1.935006e+00 2.854414e-03 2.216580e-04
1.959997e+00 2.791610e-03 2.260693e-04
1.983457e+00 1.707371e-03 2.632826e-04
2.008811e+00 1.119631e-03 3.388671e-04
2.035504e+00 7.849348e-04 3.085928e-04
2.062779e+00 8.249502e-04 2.329399e-04
2.089627e+00 8.975963e-04 2.531108e-04
2.116264e+00 3.501443e-04 2.203140e-04
2.142826e+00 5.015675e-04 2.080759e-04
2.170127e+00 6.152158e-04 2.047167e-04
2.196035e+00 9.998605e-05 2.221253e-04
2.221989e+00 3.890003e-04 2.010116e-04
2.252612e+00 6.617946e-04 2.046588e-04
2.281409e+00 5.411444e-04 2.172162e-04
